-35.83166131630879
-42.21168000000035
-46.74098999999969
-64.44646863759768
-82.6015553731951
-103.50991920457376
-122.08626954651423
-145.30246319694857
-167.24246819704
-194.81584039842525
-217.42492941557126
-237.33548040341606
-250.23659999999975
-251.25302999999988
-252.2720099689725
-255.88638000000023
-252.2720100000002
-251.76201
-251.76201
-251.25303000000648
-249.19416000000004
-246.16730999999987
-241.11576000000017
-239.6291099999998
-214.03751772422834
-163.11839933684087
-100.55425066412916
-31.288471193381007
0
0.04844999999981235
0.8618999999999247
5.155079999999873
14.276429999999937
18.74505000000012
17.986169999999905
17.771969999999822
15.42597000000014
12.830579999999989
10.5962699999999
14.943000000000074
23.20397993722459
31.294619979064926
34.36991999999414
34.207229999999896
36.793440000000125
38.29334999999993
35.16399002958995
35.16398999447519
36.95408999999999
35.32923000478629
35.0079299999998
32.65683000000011
22.954079999999827
11.974800000000151
9.685920000000163
8.340030000000088
6.930899999999824
6.170489999999899
6.343379999999925
10.52027999999991
15.719220000000048
19.523309999999846
21.736709999999885
20.09553000341934
19.977719999988082
20.20772999658101
19.977720001528844
16.524509999999907
15.719220000000048
17.34816000000003
16.118550002790894
10.753349999999879
7.426620000000102
7.052789999999831
9.317699999999935
11.072099999999796
9.3921599999998
10.440720000000045
16.419450000000033
18.858779999999875
17.986169999999905
15.130680000000066
12.570989999999929
11.312819999999974
11.233770000000149
10.5962699999999
10.5962699999999
10.596270000008165
10.596270000008165
12.744900000000039
17.986169999999905
22.71285000000002
21.2578200024295
18.637950000000078
11.072099999999796
5.839499999999811
2.9467800044964796
2.4327000000001275
2.4327000000001275
2.0930400000001597
1.5279600007170868
1.601909999999843
1.892609999187833
1.9767600000001966
2.2751099991487203
3.6021299999998835
5.5681800000000345
7.236389999999903
11.47601997799003
15.918120000000126
21.736709999999885
25.51733999999984
25.260299999999987
20.671829999999964
15.719220000000048
9.317700000009026
6.871739999999967
6.11540999999996
6.05778000174309
5.839499999999811
5.893050000000038
6.057779999999813
8.20487999684143
13.632299999999974
15.821220000000087
17.246159999999986
16.020630000000207
15.521340003100176
15.622830000000052
17.668439987137926
18.637950000000078
20.207730000000197
23.96286000000014
29.67587993453906
32.80625998611525
40.176779963264686
45.58532999999982
45.58532999999982
42.64926006440415
39.139950002361005
38.96451000000003
39.13994999999985
41.048369999999856
47.872680000000095
48.84014999999994
48.63972000136484
48.06087000000013
47.872680000000095
48.250079999999826
51.212670000000124
54.28185
54.06764999999992
53.86569000000083
56.37999000000017
62.7539700000001
63.44501999285265
62.98806000000635
59.414490000000114
57.45864001571715
53.25062999999993
44.65712999999987
41.930669999999786
42.82469999999985
39.82946999999979
25.65401999999981
14.751240009368315
7.361850000000201
6.003719999999957
5.949660000000101
6.11540999999996
6.458639999999805
6.515759999272098
8.40938999999995
14.561009971726062
20.551980000000125
24.602910000000183
23.08208999999992
15.622830000000052
6.515760007522287
2.5642800000000965
2.4327000000001275
2.8034700000001487
2.874870000000177
2.9095500000001078
3.521039999999893
6.2286299862109225
9.908280000000083
13.18451999999988
15.230639999999939
17.771969999999822
23.455410000000146
25.7835599960481
25.51733999999984
21.736709999999885
12.920850005523171
10.365240000000098
11.39646000000017
13.544069999999815
12.226740007788953
10.52027999999991
10.52027999999991
10.52027999999991
10.36524000229471
8.476200000000018
6.810030003676158
7.361849994352116
7.8116700000000465
9.3921599999998
10.989990000000136
10.365240007041812
10.365240000000098
12.830579999999989
16.020629997926708
17.88162000000007
17.771969999999822
17.771969999999822
19.189259999999923
22.340549999999876
22.586369999989724
22.586369999989724
22.586369999989724
23.08208999999992
25.388819999127655
25.51733999999984
25.12515000000014
25.12515000000014
26.72400000000015
32.34980999999991
31.140599999999814
30.69843000000555
32.045339999999925
39.82946999999979
47.872680000000095
49.42461
49.42461
49.81985999413282
55.54154999138702
60.071369999999874
62.9880599968773
76.50357000000012
89.93594994000526
98.01995999999983
106.2207599626466
112.55393997082933
115.81232998002885
115.47522001193586
110.31504000000002
86.83424730579364
69.30696002194321
71.25516000000009
72.48272999826584
80.12762993535465
83.58900000000014
74.47019999999986
63.44502000000017
36.46398000000016
18.096839999999823
7.682130018024439
6.057779999999813
2.769300013298017
0.03977999999993294
0
0
0.001019999981898092
1.837530000000018
5.411609981619228
8.071259998041503
7.4266200038735
7.116030000000022
8.892870000000057
13.999500000000118
16.118549999999917
15.230640002886389
10.596270025401404
7.744860018120472
8.006999993089961
10.211219999999955
14.943000000000074
18.858779999988304
18.858779999999875
17.45628000000015
14.751240000000164
9.463050013666614
8.543009993825049
9.177450000000087
10.911959999999981
14.185139999999942
21.021179999999895
21.021179999999895
19.866540003387883
19.866540000000104
18.096839999999823
12.830579999999989
13.363529998776226
15.130680000000066
16.936079992049812
19.189259999999923
18.858779999999875
16.320509999999828
10.989990000000136
