0
-122.38621891928113
-438.13277981221074
-296.4074950699986
0
0
33.86811408424052
3.306357620781488E-12
99.69449225655778
4.684514175577028
0
32.72098647017748
0
0
75.48913617144596
0
-102.75016203746577
46.37592027513832
0
42.08636752568095
0
80.7702745922451
0
0
0
6.19942053896529E-12
38.02434442079653
0
90.81024203041505
0
5.3728311337699176E-12
58.03466787647283
91.27368107286239
20.169583047552607
80.04536886828073
102.91091256015298
55.882790181835865
0
83.87962994818727
0
89.52215968942187
-71.07870702303606
48.45915799578698
0
8.26589405195372E-13
22.549382624052907
0
44.77640171254923
0
0
78.98378989838244
101.32978623728282
-57.38074832813484
0
53.20079484686539
0
0
34.14251492636051
66.30872952906559
0
43.38665639626937
3.1359350302521682
0
33.28959690334549
0
68.40605735995537
72.60826829858213
0
23.106355183391475
0
1.8094247283104825
0
37.50630634578015
0
0
0
0
50.67273556617595
11.879999935626909
0
0
50.31001874633897
12.060000300407328
0
0
0
0
60.897259195130935
62.3753580186256
51.7534433707902
50.920201434571965
65.96361407826383
79.03153683753136
0
0
84.47082617351306
0
5.160145562656873
0
0
3.7375651543073416
55.80613459520341
0
0
0
0
0
14.87999828374763
0
0
29.79243250028221
17.164971584548173
3.306357620781488E-12
3.306357620781488E-12
3.306357620781488E-12
3.306357620781488E-12
12.060000300407328
0
45.55480013039621
0
