0
0
0
0
0
0
0
0
0
0
0
0
0
0
0
0
0
-2.5158299999998706
-15.693166519647393
-37.28296041986273
-57.54336534642946
-76.25302232558228
-94.04972000710411
-117.09129425516296
-135.90304938648197
-153.5116838030335
-177.4746988192942
-215.81650643150496
-265.5309569766815
-316.21589111811306
-389.07539782528204
-441.721924996247
-478.3533451566075
-509.9566499999998
-509.9566499999998
-509.9566499999998
-509.9566499999998
-509.9566499999998
-509.9566499999998
-509.9566499999998
-509.9566499999998
-509.9566499999998
-509.9566499999998
-509.9566499999998
-509.9566499999998
-509.9566499999998
-509.9566499999998
-509.9566499999998
-509.9566499999998
-509.9566499999998
-509.9566499999998
-509.9566499999998
-509.9566499999998
-509.9566499999998
-509.9566499999998
-509.9566499999998
-509.9566499999998
-509.9566499999998
-509.9566499999998
-509.9566499999998
-509.9566499999998
-509.9566499999998
-509.9566499999998
-509.9566499999998
-509.9566499999998
-509.9566499999998
-509.9566499999998
-509.9566499999998
-509.9566499999998
-509.9566499999998
-509.9566499999998
-509.9566499999998
-509.9566499999998
-509.9566499999998
-509.9566499999998
-509.9566499999998
-509.9566499999998
-509.9566499999998
-509.9566499999998
-509.9566499999998
-509.9566499999998
-509.9566499999998
-509.9566499999998
-509.9566499999998
-509.9566499999998
-509.9566499999998
-509.9566499999998
-509.9566499999998
-509.9566499999998
-509.9566499999998
-509.9566499999998
-509.9566499999998
-509.9566499999998
-509.9566499999998
-509.9566499999998
-509.9566499999998
-509.9566499999998
-509.9566499999998
-509.9566499999998
-509.9566499999998
-509.9566499999998
-509.9566499999998
-509.9566499999998
-509.9566499999998
-509.9566499999998
-509.9566499999998
-509.9566499999998
-509.9566499999998
-509.9566499999998
-509.9566499999998
-509.9566499999998
-509.9566499999998
-509.9566499999998
-509.9566499999998
-509.9566499999998
-509.9566499999998
-509.9566499999998
-509.9566499999998
-509.9566499999998
-509.9566499999998
-509.9566499999998
-509.9566499999998
-509.9566499999998
-509.9566499999998
-509.9566499999998
-509.9566499999998
-509.9566499999998
-509.9566499999998
-509.9566499999998
-509.9566499999998
-509.9566499999998
-509.9566499999998
-509.9566499999998
-509.9566499999998
-509.9566499999998
-509.9566499999998
-509.9566499999998
-509.9566499999998
-509.9566499999998
-509.9566499999998
-509.9566499999998
-509.9566499999998
-509.9566499999998
-509.9566499999998
-509.9566499999998
-509.9566499999998
-509.9566499999998
-509.9566499999998
-509.9566499999998
-509.9566499999998
-509.9566499999998
-509.9566499999998
-509.9566499999998
-509.9566499999998
-509.9566499999998
-509.9566499999998
-509.9566499999998
-509.9566499999998
-509.9566499999998
-509.9566499999998
-509.9566499999998
-509.9566499999998
-509.9566499999998
-509.9566499999998
-509.9566499999998
-509.9566499999998
-509.9566499999998
-509.9566499999998
-509.9566499999998
-509.9566499999998
-509.9566499999998
-509.9566499999998
-509.9566499999998
-509.9566499999998
-509.9566499999998
-509.9566499999998
-509.9566499999998
-509.9566499999998
-509.9566499999998
-509.9566499999998
-509.9566499999998
-509.9566499999998
-509.9566499999998
-509.9566499999998
-509.9566499999998
-509.9566499999998
-509.9566499999998
-509.9566499999998
-509.9566499999998
-509.9566499999998
-509.9566499999998
-509.9566499999998
-509.9566499999998
-509.9566499999998
-509.9566499999998
-509.9566499999998
-509.9566499999998
-509.9566499999998
-509.9566499999998
-509.9566499999998
-509.9566499999998
-509.9566499999998
-509.9566499999998
-509.9566499999998
-509.9566499999998
-509.9566499999998
-509.9566499999998
-509.9566499999998
-509.9566499999998
-509.9566499999998
-509.9566499999998
-509.9566499999998
-509.9566499999998
-509.9566499999998
-509.9566499999998
-509.9566499999998
-509.9566499999998
-509.9566499999998
-509.9566499999998
-509.9566499999998
-509.9566499999998
-509.9566499999998
-509.9566499999998
-509.9566499999998
-509.9566499999998
-509.9566499999998
-509.9566499999998
-509.9566499999998
-509.9566499999998
-509.9566499999998
-509.9566499999998
-509.9566499999998
-509.9566499999998
-509.9566499999998
-509.9566499999998
-509.9566499999998
-509.9566499999998
-509.9566499999998
-509.9566499999998
-509.9566499999998
-509.9566499999998
-509.9566499999998
-509.9566499999998
-509.9566499999998
-509.9566499999998
-509.9566499999998
-509.9566499999998
-509.9566499999998
-509.9566499999998
-509.9566499999998
-509.9566499999998
-509.9566499999998
-509.9566499999998
-509.9566499999998
-509.9566499999998
-509.9566499999998
-509.9566499999998
-509.9566499999998
-509.9566499999998
-509.9566499999998
-509.9566499999998
-509.9566499999998
-509.9566499999998
-509.9566499999998
-509.9566499999998
-509.9566499999998
-509.9566499999998
-509.9566499999998
-509.9566499999998
-509.9566499999998
-509.9566499999998
-509.9566499999998
-509.9566499999998
-509.9566499999998
-509.9566499999998
-509.9566499999998
-509.9566499999998
-509.9566499999998
-509.9566499999998
-509.9566499999998
-509.9566499999998
-509.9566499999998
-509.9566499999998
-509.9566499999998
-509.9566499999998
-509.9566499999998
-509.9566499999998
-509.9566499999998
-509.9566499999998
-509.9566499999998
-509.9566499999998
-509.9566499999998
-509.9566499999998
-509.9566499999998
-509.9566499999998
-509.9566499999998
-509.9566499999998
-509.9566499999998
-509.9566499999998
-509.9566499999998
