0
0
0
0
0
0
0
0
0
0
0
0
0
0
0
0
0
0
0
0
0
0
0
0
0
0
0
0
0
0
0
0
0
0
0
0
0
0
0
0
0
0
0
0
0
0
0
0
0
0
0
0
0
0
0
0
0
0
0.0010200000000830589
0.0030599999998358824
0.00204000001091178
0.0010200000000830589
5.100000000415294E-4
5.100000000415294E-4
5.100000000415294E-4
5.100000000415294E-4
5.100000000415294E-4
5.100000000415294E-4
0.03722999977406639
0.11933999999979883
0.10914000001302027
0.08160000000003201
0.07344000000019411
0.0693599999998619
0.0693599999998619
0.07344000000019411
0.0693599999998619
0.07344000000019411
0.0693599999998619
0.0693599999998619
0.0693599999998619
0.07344000000019411
0.07344000000019411
0.0693599999998619
0.06578999999998447
0.058649999999816356
0.039780000259482015
0.008159999999837882
5.100000000415294E-4
5.100000000415294E-4
5.100000000415294E-4
5.100000000415294E-4
5.100000000415294E-4
5.100000000415294E-4
5.100000000415294E-4
0.0010200000000830589
5.100000000415294E-4
0
0
0
0
0
0
0
0
0
0
0
0
0
0
0
0
0
0
0
0
0
0
0
0
0
0
0
0
0
0
0
0
0
0
0
0
0
0
0
0
0
0
0
0.2550000000001
1.455029999999868
0.5972099999998622
0.22286999999996343
0.06578999999998447
0
0
0
0
0
0
0
0
0
0
0
0
0
0
0
0
0
0
0
0
0
0
0
0
0
0
0
0
0
0
0
0
0.011730000000128589
0.10913999979976019
0.7777500000000983
2.0644799999875016
5.465159999999911
10.211219999999955
21.85400999999993
26.320589991810103
16.623960000000157
3.1308899999999467
1.1459699999999122
0.4921499999999864
0.0020400000001661177
0.0010200000000830589
0
0
0
0
0
0
0
9.519671511557954
26.32058999953747
12.201378518845315
0
0
0
1.105169999999896
22.490797210831765
41.80803940841696
62.05001404414809
78.82356000000017
72.48273000000003
38.64813877806972
0.3881100303620623
0.021420000000091057
0.0015300000001245884
0
0
0
0
0
0
0
0
0
0
0
0
0
0
0
0
8.894922126674341
26.73846105513412
54.466796588411434
83.77046946614473
115.453212994272
105.78973086520998
50.98465422233903
6.299066041919823
0
0
0
3.283379999999965
23.401005154188482
45.5948626531357
74.30104200489512
93.06683999999987
58.96544969951622
16.311691510656743
0.33660000835240467
0
0
4.06937851453903
21.941793363997576
52.11999283145877
93.7783231452841
126.77322439693286
120.94019993426602
71.84026243381503
17.990379120168175
0.4921499999999864
0.1662599999998999
4.916383186703923
25.07278097231455
51.90167088859015
104.57131222486119
164.76022256144364
225.9055995786731
212.0886052838584
125.78731186658682
53.17713239575447
7.744860025923476
8.139599976318513
21.021179999999895
47.23988082396669
83.12777937919176
125.45989494509692
188.65341759191438
240.362417595664
291.3412765904117
322.15517350958334
363.7290174248138
366.39777000000015
366.39777000000015
365.75976000001145
367.07148
387.30834701883583
415.04247332617507
439.94610178854293
466.5652304784442
486.1513900734641
489.50055000000003
489.5005499999934
489.50055000000003
492.97876449134566
510
510
510
510
510
510
