0
0
0
0
0
0
0
0
0
0
0
0
0
0
0
0
0
0
0
0
0
0
0
0
0
0
0
0
0
0
0
0
0
0
0
0
0
0
0
0
0
0
0.008159999975453495
0.010710000000045529
0.03008999998302539
0.03467999999993095
0.03467999999993095
0.03467999999993095
0.03213000000013659
0.03467999999993095
0.030090000008236365
0.03213000000013659
0.03213000000013659
0.03213000000013659
0.03213000000013659
0.030090000008236365
0.03723000000013859
0.03977999999993294
0.04283999990595093
0.03977999999993294
0.03977999999993294
0.03977999999993294
0.03977999999993294
0.03467999999993095
0.03213000000013659
0.03213000000013659
0.03213000000013659
0.03212999992698343
0.030090000008236365
0.03008999999997047
0.03212999998567127
0.03213000000013659
0.052019999968692665
0.1356599999998879
0.2004300000002026
0.19329000000003446
0.19329000000003446
0.1728900000000265
0.16013999999981482
0.1662599999998999
0.17288999979627218
0.14177999999997296
0.14739000000001645
0.14177999999997296
0.1356599999998879
0.11934000015643752
0.11423999999979682
0.11423999999979682
0.11933999996549537
0.11933999999979883
0.11423999999979682
0.11423999999979682
0.11423999999979682
0.11423999999979682
0.11423999999979682
0.11423999999979682
0.11423999999979682
0.11933999996549537
0.11424000001260896
0.11424000001260896
0.11424000001260896
0.11423999999979682
0.14177999999997296
0.31721999945465806
0.4100399999999128
0.4100399999999128
0.367200000000144
0.34629000000009447
0.33660000000013196
0.33660000000013196
0.33660000000013196
0.33660000000013196
0.34629000000009447
0.33660000000013196
0.3172199999997938
0.3075299999998313
0.29885999999995194
0.29885999999995194
0.2896800000504529
0.28050000000011
0.2718299999998173
0.2550000000001
0.16013999999981482
0.10404000000020612
0.062220000000107065
0.025500000019021554
0.00561000000004353
0
0
0
0
0
0
0
0
0
0
0
0
0
0
0
0
0
0
0
0
0
0
0
0
0
0
0
0
0
-0.015299999874777705
-0.09435000000024366
-0.19073999999982683
-0.2427599999999299
-0.27591000000014954
-0.26724000001514875
-0.2121599999999179
-0.20502000000016307
-0.20502000002165438
-0.20502000000016307
-0.20502000000016307
-0.19788000000040823
-0.17084999999986036
-0.16422000000014705
-0.16422000000014705
-0.17084999999986036
-0.16422000000014705
-0.17084999999986036
-0.16422000000014705
-0.17084999999986036
-0.17748000000040026
-0.17084999999986036
-0.17084999999986036
-0.17084999999986036
-0.17084999999986036
-0.17084999999986036
-0.17084999999986036
-0.17084999999986036
-0.17084999999986036
-0.17084999999986036
-0.17084999999986036
-0.17084999999986036
-0.17084999999986036
-0.17084999999986036
-0.17084999999986036
-0.17084999999986036
-0.17084999999986036
-0.17084999999986036
-0.16422000020431465
-0.06222000098705481
-2.06647351298843E-11
-2.06647351298843E-11
-2.06647351298843E-11
-2.06647351298843E-11
0.05201999954589218
0.2631599999999379
0.4921499988878103
0.8618999984471766
1.0653899999999632
1.0460100000000383
1.0072500000001883
0.9888899999999332
0.9700200000000498
0.9700200000000498
0.9700200000000498
0.9516599999997947
0.9516599999997947
0.9700200000000498
0.9516599999997947
0.9516599999997947
0.8619000007178176
0.8272199999999937
0.8272199999999937
0.8272199999999937
0.8108999999999047
0.8108999999999047
0.7777500001108614
0.6992099999999023
0.44370000045810454
9.46444868948701E-11
0
0
-5.100000000415294E-4
-0.008669999999879411
-0.043349999629085006
-0.20501999979268912
-0.4931699999996561
-0.6675899999998072
-0.6675899999998072
-0.6099600000000739
-0.5967000004073293
-0.5696700000257237
-0.5696700000000994
-0.5569200000040208
-0.505410000177543
-0.457980000000097
-0.4462499999999684
-0.43451999999983976
-0.43451999999983976
-0.43451999999983976
-0.43451999999983976
-0.43451999999983976
-0.43451999999983976
-0.4345199999750421
-0.43451999999983976
-0.43451999999983976
-0.43451999999983976
-0.43451999999983976
-0.43451999999983976
-0.4233000004155272
-0.4462499999999684
-0.43451999999983976
-0.43451999999983976
-0.4232999999997527
-0.43451999997669527
-0.43451999997669527
-0.43451999997669527
-0.43451999999983976
-0.4232999999997527
-0.43451999999983976
-0.43451999999983976
-0.3304799999996336
-0.02805000115950929
0
0
0
0
0
0
0
0.14177999982018974
0.4324800000000869
0.5972099999998622
0.8618999999999247
1.0460099997338763
1.294889999699588
1.3178399999998556
1.2948900000000532
1.40912999999985
1.7574600000001108
2.093039999122735
2.1527100002149724
2.0644799999999
1.6279199999998946
1.6279199999998946
1.601910000180453
1.6279199992009958
0.8450699999997942
0.03008999999997047
0
0
0
-0.0010200000000830589
-0.006119999999671765
