0
0
0
0
0
0
0
0
0
0
0
0
0
0
0
0
0
0
0
0
0
0
0
0
0
0
0
0
0
0
0
0
0
0
1.0791599999998447
0
0
0
0
0
0
0
0
0
0
5.084189990996261
0
0
0
0.0035699998903543154
0
0
0
0
0
0
0
0
7.912090688788983
0
0
0
0
0
0
-0.01988999999996647
-0.2667300000002286
-0.38453999999990285
-0.38453999999990285
-0.38453999999990285
-2.9722799957974626
-3.9693300000000273
-0.015809999999634235
0
0
0
0
0
0
0
0
0
0
0
0
0
0
0
0
0
0
0
0
0
0
0
0
0
0
0
0
0
0
0
0
0
0
0
0
0
0
0
0
0
0
0
0
0
0
0
0
0
0
0
0
0
0
0
0
0
0
0
0
0
0
0
0
0
0
0
0
0
0
0
0
0
0
0
0
0
0
0
0
0
0
0
0
0
0
0
0
0
0
0
0
0
0
0
0
0
0
0
0
0
0
0
0
0
0
0
0
0
0
0
0
0
0
0
0
0
0
0
0
0
0
0
0
0
0
0
