0
-0.004080000000332235
-0.004080000000332235
-0.04335000000022365
-48.953627037174314
-159.35462795511697
-268.5030715669663
-347.6285511774773
-426.8478967058299
-486.171389635665
-509.9566499999741
-509.9566499999741
-377.8976958953723
-206.14679812826
-57.484480720722324
-101.65091539616084
-66.87763694604817
0
-61.319455122799496
-96.8270782978399
-3.287527914131137E-7
0
0
0
0
-0.002550000000207647
-7.3924500000002125
-17.087550000000295
0
0
0
0
5.204550000000181
4.832250092549532
1.9430999999999354
38.726270444971874
16.268114888980545
5.030243337525283
73.49494780277882
30.983163029910607
0
17.874567078709838
97.11577285338059
19.660894992738836
10.298429974715074
68.0939913217032
0
0
36.465815144543186
24.092001236842
0
-0.04640999953014345
-0.046409999999646234
-0.009689999999962472
15.564916744183414
69.16015956126425
43.89335410060254
0
43.21164430480999
62.31064743224748
3.306357620781488E-12
3.306357620781488E-12
3.306357620781488E-12
3.306357620781488E-12
-0.35393999999989084
0
0
2.7167699283728366
30.61692581397177
0
0
0
14.262345759082121
15.941021000200724
0
19.299457768395605
49.007758057475485
4.483914317436912
0.3687299999998553
2.45564999999993
2.716770000000115
2.716770000000115
2.1573000000000198
2.0048100000000013
8.434293862614544
33.483236457267175
54.763805871736515
21.26444999999987
49.207703728071756
77.07012303058983
19.073883776920194
0
-4.788321213418278
-52.41486240953869
-49.39781039457168
0
0
13.914839999994877
22.47978000000005
0
0
0
0
11.556089999999944
16.48575000000006
11.618820032343297
0
10.164740513714605
12.84629727381389
0
-0.004590000000373766
-0.019379999999924943
0
0
0
1.252049999999871
17.102016412274665
20.007722060057095
0
1.1469899999999953
5.473830000000204
12.052319999999849
1.6294500450218643
0.00561000000004353
65.11914826793338
60.543574942405506
0
38.06110220968524
77.59493636551474
0
0
0
0
0
0
0
0
0
4.521149999999913
22.08350996727659
49.09463999999999
30.89356827617028
0
0
0
2.683109951742738
13.373219972438571
44.445779277255056
42.98956312761311
16.51890000000937
51.887412646748146
51.21641483238054
8.679188754551404E-12
0.046410000000059536
18.90621000000002
2.327639999999838
5.364629730975967
46.34021519246196
60.3556610242273
16.211370000000034
96.14782095619383
193.6892686820601
45.755562657840585
0.07904999719314003
47.372369999999854
1.1158956970137522E-11
1.1158956970137522E-11
1.1158956970137522E-11
1.1158956970137522E-11
90.73242635098572
183.8331677336987
38.14086679464955
17.841696889161774
95.69079786235132
25.009111452177528
69.21242742452121
82.65636824578854
4.3258200057887315
95.07513315540557
113.41951908085173
0
0
0
0
0
0
0
0
1.7788800000002016
38.9761992223023
13.765920318687106
5.160689999999915
56.335756327476076
121.32447705265905
47.864693212635466
19.60518402274328
104.68453677227144
141.40152736199275
22.00724346013691
0
-0.29886000000036517
-5.756880000000108
-6.88500000000022
-0.9990900000003504
-0.36311999999981176
-0.3253800000132704
-0.1376999999996407
0
0
0
5.588580000000043
41.364991598403584
25.437589576335082
4.9595364311722315E-12
4.9595364311722315E-12
4.9595364311722315E-12
4.9595364311722315E-12
4.9595364311722315E-12
0.4967399831201646
7.433249999999815
0
0
0
0
0.047429999664134
10.257119999999972
12.702569999999898
12.702569999999898
32.9451864280274
70.58939617083165
7.942235251722493
0
0
0
0
0
0
0
0
0
0
0
0
12.740954208673104
15.777869999999865
0
0
0
0
35.921653662685785
154.8334952032511
127.29969930233976
0
0
0
0
0
-2.9488200000004126
-9.847080000000059
-0.41360999999979026
-21.30320999999972
-3.446877819664701E-10
1.3504800000000337
12.636779962776528
13.835279999999969
4.011660082151169
0.0051000000000020005
0
0
0.01886999999988341
2.976360000000175
31.592111033861357
32.10187394530589
0
0
0.3075299999998313
0.219300000000086
0
0
19.035368561000237
71.74096616911096
30.5033098246911
0
0
57.052402690023335
135.39305051627366
105.58926235997728
18.4027480680071
16.2440099999998
46.17091458580159
83.08384815748836
1.486923102154212
-0.0035699998903543154
-0.4355399976821661
0
0
0
0
3.05999999999996
36.50449669360096
54.315509999999854
2.522970000000039
21.25452239220267
56.116647262352124
129.46192345304144
83.90598560201094
13.693674690476218
75.32197357927022
191.601844809678
77.51726347164308
0
17.679963462449315
65.63471325524627
0
0
0
51.291448740070884
124.4758072020956
126.03868358429916
12.754520117539087
0
0
0
0
0
16.75999110669901
51.67346226525843
12.589860263094542
8.61746999999995
18.31358998649571
3.079890033669806
31.03987124198389
104.13253410133127
109.236348436258
6.848192613095088
0
26.156021978283125
88.41194066943802
19.30233258886874
-0.00917999999992094
-11.405129805772619
-54.28630004362598
-15.311674754882569
0
12.542940000000124
26.503679973740063
15.446880000000188
1.1158956970137522E-11
19.225989154016858
69.10689581990623
11.475694214638551
0.0066300000001265885
0.0066300000001265885
0.0066300000001265885
0.0066300000001265885
0.0066300000001265885
6.930899999999824
11.645339994769529
37.50477895848201
62.98871109398934
16.567804558716162
0
0
0
0
-0.0035700000002907065
-0.018870000454507582
-1.5705198698712064E-11
-1.5705198698712064E-11
-1.5705198698712064E-11
-1.5705198698712064E-11
-1.5705198698712064E-11
-1.5705198698712064E-11
-1.5705198698712064E-11
-1.5705198698712064E-11
1.4381999656003928
13.746030000000141
0
0
0
0
0
9.025955263792689
36.34527679676068
9.297400306999519
2.4797682155861158E-12
2.4797682155861158E-12
6.729449999999952
14.725740000000155
0.2631600106178921
17.934283870021172
75.9560498713664
49.256300506704925
0
0
0
0
28.170483769577157
38.441045073106096
1.653178810390744E-12
1.653178810390744E-12
2.102730000000122
27.92963326250774
24.842501041053012
12.016109999999793
16.320509999999828
28.804799976265038
0
0
0
0
0
0
0
0
0
0
0
0.23306999999996744
1.3754700000000022
14.105069940283496
15.82122009284633
1.8941400044946615
21.296695130261288
48.28471063401856
53.959808338348296
116.19983213809797
26.335828184326303
0
17.704217785243415
87.53511977580568
32.75247623496946
0
15.331742074904144
57.98848753261549
4.1329470259768595E-12
33.18457192604783
160.19068943357533
127.01631990196525
112.69442117708947
209.50159980261003
91.1244486241509
0
0
0
15.918678976899955
121.87721726953484
48.825992476383284
2.0664735129884297E-12
12.375703218657433
97.24759983874243
84.39827677943065
0
0
7.8361499048616
6.318390177421587
0
0
0
32.20277036184987
92.10120465495704
80.26517608169918
8.679188754551404E-12
8.679188754551404E-12
45.57602099919436
87.17362566232366
7.872272177199683E-8
4.9595364311722315E-12
4.9595364311722315E-12
4.9595364311722315E-12
5.802560192705717
58.74060033033913
35.69677883861935
0
0
0
10.37505275459679
76.71651716239538
27.830844269693735
0
0
0
0
0
0
51.90759646915248
107.74190368593766
0
0
-0.0025499999993810582
-0.2830499979011939
-0.1718699999999434
-0.06986999999990341
-7.98557998851759
-0.05253001209149441
-1.9011556319493552E-11
-1.9011556319493552E-11
-1.9011556319493552E-11
-1.9011556319493552E-11
-1.9011556319493552E-11
-1.9011556319493552E-11
6.813600000000192
7.758629999999861
7.992719999999911
7.992719999999911
7.992719999999911
10.762019989711613
36.95124469751021
64.03640531224038
19.35075232666501
0
-0.0010199999463547476
-0.22031999972202174
-0.2631599999999379
-0.5829300000003527
-1.1536199999997085
0
0
0
-0.05762999999973329
-0.08006999999990741
-4.9595364311722315E-12
-4.9595364311722315E-12
-4.9595364311722315E-12
6.826777528969322
26.555795077914915
42.47766998468448
7.546802598904005E-8
6.612715241562976E-12
4.508537427671378
13.8750600624446
1.2398841077930579E-12
1.2398841077930579E-12
3.1206899851680356
12.533250000000162
0
0
21.515517500675372
80.62928963634444
30.68557604851396
0
24.015509668296094
20.58965018630006
-0.008159999999837882
-0.026519999999679765
-0.026519999999679765
-0.026519999999679765
-0.03977999999993294
-0.03977999999993294
0
0.8210999943650488
25.902643834227703
28.291240070808286
7.852599349356032E-12
7.852599349356032E-12
101.99368661998173
124.65000018508397
0
0
0
0
0
0
0
0
55.20607179600001
97.82717990639769
22.228349999999832
82.57953102151662
67.42763150949217
0
0
31.79646353933547
3.2291815317342047
9.505778159746776E-12
9.505778159746776E-12
2.020109938502995
53.52430394405814
80.16999970366754
25.85395906607978
133.990981004199
246.46207906610258
162.22185419599134
0
27.896225672082934
134.12271165852903
77.47869102555048
0
-4.087649984866544
-0.34884000000030213
-0.11628000000037625
-0.0984299999997493
7.822126154835981
56.91884339734048
110.91990000000011
13.601754262430642
27.06005740565652
136.35238293677935
91.25638134593302
4.516049929781555
