0
0
0
0
0
0
0
-3.924752060901615
-101.7306770798914
-219.70468464438918
-318.7915230451577
-392.251567895207
-465.5143546669138
-508.37909111534003
-509.9566499999998
-509.9566499999998
-509.9566499999998
-509.9566499999998
-509.9566499999998
-509.9566499999998
-509.9566499999998
-509.9566499999998
-509.9566499999998
-509.9566499999998
-509.9566499999998
-509.9566499999998
-509.9566499999998
-509.9566499999998
-509.9566499999998
-509.9566499999998
-509.9566499999998
-509.9566499999998
-509.9566499999998
-509.9566499999998
-509.9566499999998
-509.9566499999998
-509.9566499999998
-509.9566499999998
-509.9566499999998
-509.9566499999998
-509.9566499999998
-509.9566499999998
-509.9566499999998
-509.9566499999998
-509.9566499999998
-509.9566499999998
-509.9566499999998
-509.9566499999998
-509.9566499999998
-509.9566499999998
-509.9566499999998
-509.9566499999998
-509.9566499999998
-509.9566499999998
-509.9566499999998
-509.9566499999998
-509.9566499999998
-509.9566499999998
-509.9566499999998
-509.9566499999998
-509.9566499999998
-509.9566499999998
-509.9566499999998
-509.9566499999998
-509.9566499999998
-509.9566499999998
-509.9566499999998
-509.9566499999998
-509.9566499999998
-509.9566499999998
-509.9566499999998
-509.9566499999998
-509.9566499999998
-509.9566499999998
-509.9566499999998
-509.9566499999998
-509.9566499999998
-509.9566499999998
-509.9566499999998
-509.9566499999998
-509.9566499999998
-509.9566499999998
-509.9566499999998
-509.9566499999998
-509.9566499999998
-509.9566499999998
-509.9566499999998
-509.9566499999998
-509.9566499999998
-509.9566499999998
-509.9566499999998
-509.9566499999998
-509.9566499999998
-509.9566499999998
-509.9566499999998
-509.9566499999998
-509.9566499999998
-509.9566499999998
-509.9566499999998
-509.9566499999998
-509.9566499999998
-509.9566499999998
-509.9566499999998
-509.9566499999998
-509.9566499999998
-509.9566499999998
-509.9566499999998
-509.9566499999998
-509.9566499999998
-509.9566499999998
-509.9566499999998
-509.9566499999998
-509.9566499999998
-509.9566499999998
-509.9566499999998
-509.9566499999998
-509.9566499999998
-509.9566499999998
-509.9566499999998
-509.9566499999998
-509.9566499999998
-509.9566499999998
-509.9566499999998
-509.9566499999998
-509.9566499999998
-509.9566499999998
-509.9566499999998
-509.9566499999998
-509.9566499999998
-509.9566499999998
-509.9566499999998
-509.9566499999998
-509.9566499999998
-509.9566499999998
-509.9566499999998
-509.9566499999998
-509.9566499999998
-509.9566499999998
-509.9566499999998
-509.9566499999998
-509.9566499999998
-509.9566499999998
-509.9566499999998
-509.9566499999998
-509.9566499999998
-509.9566499999998
-509.9566499999998
-509.9566499999998
-509.9566499999998
-509.9566499999998
-509.9566499999998
-509.9566499999998
-509.9566499999998
-509.9566499999998
-509.9566499999998
-509.9566499999998
-509.9566499999998
-509.9566499999998
-509.9566499999998
-509.9566499999998
-509.9566499999998
-509.9566499999998
-509.9566499999998
-509.9566499999998
-509.9566499999998
-509.9566499999998
-509.9566499999998
-509.9566499999998
-509.9566499999998
-509.9566499999998
-509.9566499999998
-509.9566499999998
-509.9566499999998
-509.9566499999998
-509.9566499999998
-509.9566499999998
-509.9566499999998
-509.9566499999998
-509.9566499999998
-509.9566499999998
-509.9566499999998
-509.9566499999998
-509.9566499999998
-509.9566499999998
-509.9566499999998
-509.9566499999998
-509.9566499999998
-509.9566499999998
-509.9566499999998
-509.9566499999998
-509.9566499999998
-509.9566499999998
-509.9566499999998
-509.9566499999998
-509.9566499999998
-509.9566499999998
-509.9566499999998
-509.9566499999998
-509.9566499999998
-509.9566499999998
-509.9566499999998
-509.9566499999998
-509.9566499999998
-509.9566499999998
-509.9566499999998
-509.9566499999998
-509.9566499999998
-509.9566499999998
-509.9566499999998
-509.9566499999998
-509.9566499999998
-509.9566499999998
-509.9566499999998
-509.9566499999998
-509.9566499999998
-509.9566499999998
-509.9566499999998
-509.9566499999998
-509.9566499999998
-509.9566499999998
-509.9566499999998
-509.9566499999998
-509.9566499999998
-509.9566499999998
-509.9566499999998
-509.9566499999998
-509.9566499999998
-509.9566499999998
-509.9566499999998
-509.9566499999998
-509.9566499999998
-509.9566499999998
-509.9566499999998
-509.9566499999998
-509.9566499999998
-509.9566499999998
-509.9566499999998
-509.9566499999998
-509.9566499999998
-509.9566499999998
-509.9566499999998
-509.9566499999998
-509.9566499999998
-509.9566499999998
-509.9566499999998
-509.9566499999998
-509.9566499999998
-509.9566499999998
-509.9566499999998
-509.9566499999998
-509.9566499999998
-509.9566499999998
-509.9566499999998
-509.9566499999998
-509.9566499999998
-509.9566499999998
-509.9566499999998
-509.9566499999998
-509.9566499999998
-509.9566499999998
-509.9566499999998
-509.9566499999998
-509.9566499999998
-509.9566499999998
-509.9566499999998
-509.9566499999998
-509.9566499999998
-509.9566499999998
-509.9566499999998
-509.9566499999998
-509.9566499999998
-509.9566499999998
-509.9566499999998
-509.9566499999998
-509.9566499999998
-509.9566499999998
-509.9566499999998
-509.9566499999998
-509.9566499999998
-509.9566499999998
-509.9566499999998
-509.9566499999998
-509.9566499999998
-509.9566499999998
-509.9566499999998
-509.9566499999998
-509.9566499999998
-509.9566499999998
-509.9566499999998
-509.9566499999998
-509.9566499999998
-509.9566499999998
-509.9566499999998
-509.9566499999998
-509.9566499999998
-509.9566499999998
-509.9566499999998
-509.9566499999998
-509.9566499999998
-509.9566499999998
