0
0
0
0
0
0
0
0
0
0
0
0
0
0
0
0
0
0
0
0
0
0
0
0
0
0
0
0
0
0
0
0
0
0
0
0.8710799916087233
0
0
0
0
0
0
0.031110000000053532
1.1245499942364265
1.4331000000001486
0.015810001420128127
0
0
0
0
0
0
0.40544999999995235
0.7160400000000329
0.7726500000000963
0.7726500000000963
0.7726500000000963
4.9974899999998526
8.505779997828084
8.77505999999997
6.8783700000000945
6.531569999999958
3.4170000000001
0
0
-11.678583543084196
-21.44498999999969
-0.5309100065269995
0
0
0
6.349500000000011
0
0
0
0
0
0
0
0
-0.6410699999885551
-1.6432199999999004
-1.7849999999998736
-0.42687000000004344
-1.6376100000002702
-10.108199999997352
-2.6483924542459716E-9
0
0
0
0
1.2877499999998852
1.710539996732915
0
0
0
0.03672000000009706
0.6910500000000644
5.3728311337699176E-12
5.3728311337699176E-12
5.3728311337699176E-12
5.3728311337699176E-12
3.468510000000162
0.107100000000042
0
0
0
0
0
-0.005099999999588706
-0.47021999998869485
-0.5395799999852503
-0.08771999999970376
-0.03977999999993294
-0.03977999999993294
-0.03977999999993294
-0.03977999999993294
-0.03977999999993294
-0.03977999999993294
-0.03977999999993294
-0.03977999999993294
-0.03977999999993294
-0.03977999999993294
-0.03977999999993294
-0.05915999999985788
-0.5115300000003246
-1.8584400000000676
-1.879350000000117
-0.2621399999998548
-14.55794744832277
-29.297378271677808
-2.06647351298843E-11
-2.06647351298843E-11
-2.06647351298843E-11
17.107669588177078
13.96830080372595
1.2398841077930579E-12
1.2398841077930579E-12
0.5905799901967986
1.2522829488709884E-10
0
0
0
3.412715185853079
24.066958936544896
0
0
0
0
0
0
0
0
-0.03977999999993294
-0.17339999896600466
-0.17339999998684258
-0.14993999999981084
-0.10658999999958718
-0.05304000000018612
-2.2317913940275044E-11
-2.2317913940275044E-11
-2.2317913940275044E-11
-2.2317913940275044E-11
-2.2317913940275044E-11
-0.1060799992779331
-0.20960999999971025
-0.20960999999971025
-0.057119999999691765
0
0
0
0
0
-0.057119999498778586
-0.07649999999961671
-0.06324000001010918
-0.06324000001010918
-0.01988999999996647
-0.013770000011866958
-0.013770000011866958
-0.013770000011866958
-0.013770000011866958
-0.013770000011866958
-0.013770000011866958
-0.04386000000026518
-0.08975999999986989
-0.1147499999961187
-0.09537000000032671
-0.09537000000032671
-0.09537000000032671
-0.09537000000032671
-0.09537000000032671
0
0
0
0
0
0
0
0
0
0
0
0
0
0
-0.023460000000257178
-0.023460000000257178
-0.023460000000257178
-0.023460000000257178
-0.023460000000257178
-0.09332999964224738
-0.44216999999963613
-0.32538000000004497
-0.06681000002362533
-0.042840000000182114
-0.042840000000182114
-0.042840000000182114
-0.042840000000182114
-1.3225430483125951E-11
-1.3225430483125951E-11
-1.3225430483125951E-11
-1.3225430483125951E-11
-1.3225430483125951E-11
-1.3225430483125951E-11
-1.3225430483125951E-11
-1.3225430483125951E-11
-1.3225430483125951E-11
1.665150000000033
6.531569999999958
0
0
0
0
0
0
0
0
0
0
0
0
0
0
0
0
0
0
0.1652399999998168
1.2374043395774718E-9
1.653178810390744E-12
1.653178810390744E-12
1.653178810390744E-12
1.653178810390744E-12
1.653178810390744E-12
1.653178810390744E-12
1.653178810390744E-12
1.653178810390744E-12
1.653178810390744E-12
1.653178810390744E-12
1.653178810390744E-12
1.653178810390744E-12
1.653178810390744E-12
1.653178810390744E-12
1.653178810390744E-12
1.653178810390744E-12
1.653178810390744E-12
1.653178810390744E-12
1.653178810390744E-12
1.653178810390744E-12
1.653178810390744E-12
1.653178810390744E-12
0.04743000000014259
1.5320399999999395
0
0
0
0
0
0
0
0
0
0
0
0
0
0
0.1570799999875801
6.612715241562976E-12
6.612715241562976E-12
0.49673999999994684
0
0
0
0
0
0
0
0
